NAME : Ex1-d22
TYPE : CVRP
DIMENSION : 22
NODE_COORD_SECTION
1 145 215
2 151 264
3 159 261
4 130 254
5 128 252
6 163 247
7 146 246
8 161 242
9 142 239
10 163 236
11 148 232
12 128 231
13 156 217
14 129 214
15 146 208
16 164 208
17 141 206
18 147 193
19 164 193
20 129 189
21 155 185
22 139 182
TIME
0.00 7.11 1.24 9.74 7.37 4.26 4.15 1.44 3.35 1.42 7.97 4.19 4.13 5.57 9.71 8.24 1.10 3.64 4.81 3.51 3.87 8.44
4.62 0.00 8.61 7.02 5.27 9.59 9.65 3.05 3.86 5.98 6.70 5.72 4.45 8.31 9.18 9.31 5.51 7.55 3.91 3.06 2.70 1.23
9.89 6.93 0.00 2.21 2.24 8.63 5.76 8.07 5.60 2.39 8.74 3.43 9.63 2.50 4.43 3.70 9.20 3.78 9.10 5.14 8.52 7.11
5.41 2.85 4.76 0.00 4.66 9.95 4.55 4.96 2.66 2.19 2.15 2.64 3.39 8.41 9.60 6.25 6.13 4.72 2.01 3.06 5.26 5.60
8.71 2.92 5.78 8.17 0.00 7.62 9.68 4.80 7.57 9.42 6.99 6.79 2.82 2.32 1.71 5.52 1.22 8.67 2.53 2.46 4.93 1.53
8.02 9.79 1.98 9.37 3.99 0.00 1.97 9.49 2.17 9.29 1.43 6.74 1.80 5.99 7.01 1.33 8.39 2.85 7.31 2.86 9.10 4.87
5.75 1.78 5.32 7.47 8.75 5.14 0.00 6.29 2.44 9.95 9.62 1.36 4.81 7.06 7.21 9.71 6.18 7.79 4.48 7.29 1.42 6.61
1.47 5.75 1.64 1.75 1.75 2.98 3.13 0.00 3.98 3.39 3.63 2.54 1.69 1.39 9.07 5.16 8.37 3.48 8.89 1.33 3.66 1.96
3.39 4.21 9.92 1.04 4.56 7.44 7.95 9.99 0.00 4.33 6.80 5.60 8.28 3.09 8.33 8.94 6.18 5.14 8.53 7.24 3.50 6.54
8.71 7.77 6.40 1.94 7.35 3.69 3.06 1.67 1.72 0.00 6.56 3.46 8.22 6.87 4.88 2.96 4.06 4.78 9.11 2.48 3.43 2.61
1.68 7.23 8.65 9.76 1.00 4.99 2.17 2.86 4.37 2.69 0.00 9.33 7.52 9.05 9.85 1.60 5.53 2.20 4.83 9.64 2.90 8.36
4.47 6.80 9.94 6.56 3.85 4.46 5.11 3.71 4.28 8.35 4.47 0.00 2.24 4.23 1.87 9.78 7.00 2.42 9.68 1.35 2.19 9.73
8.82 2.28 2.97 6.84 7.17 5.96 9.61 3.85 5.89 4.25 9.76 8.20 0.00 9.67 5.96 3.51 1.32 8.96 4.88 7.21 6.82 6.96
1.24 1.39 4.33 1.20 7.44 2.82 4.85 7.85 4.49 2.44 8.50 1.62 9.84 0.00 2.87 2.82 8.22 6.66 6.44 9.09 9.09 9.92
6.12 7.25 8.41 5.34 1.25 1.80 4.32 9.58 8.95 5.00 1.04 4.94 5.78 9.38 0.00 3.25 2.33 1.64 2.22 5.64 3.90 6.67
2.76 6.38 9.65 5.97 9.54 7.16 4.37 2.85 3.22 1.05 2.78 9.72 2.49 5.07 3.01 0.00 2.77 7.21 2.21 7.85 2.11 3.88
9.99 9.48 3.12 9.49 6.13 3.06 7.63 4.22 4.24 9.47 1.39 2.79 8.57 6.70 7.49 1.25 0.00 6.06 6.98 6.39 6.50 8.70
1.90 5.78 5.47 9.13 7.61 1.14 4.90 9.80 7.12 8.56 3.97 7.81 3.51 1.48 2.48 9.81 3.24 0.00 2.34 3.23 3.96 3.09
6.77 2.87 1.46 3.49 8.99 10.00 4.19 4.94 2.94 3.63 7.26 6.42 8.34 7.09 8.99 2.96 7.00 5.38 0.00 9.03 8.03 4.36
9.25 3.05 9.44 7.96 1.29 8.86 1.16 1.33 7.74 3.91 4.05 6.74 7.12 5.91 7.65 5.10 7.48 3.99 6.87 0.00 5.98 5.60
5.80 7.98 6.27 6.97 3.80 8.71 2.26 7.70 2.42 2.74 1.90 9.79 5.98 9.04 3.26 1.93 1.29 5.17 9.64 1.62 0.00 2.13
8.20 9.15 8.35 8.50 1.77 2.19 6.28 6.02 7.81 6.91 8.96 4.52 4.83 8.65 4.21 1.42 9.77 5.46 3.92 2.66 8.09 0.00

