NAME : Ex3-d33
TYPE : CVRP
DIMENSION : 22
NODE_COORD_SECTION
1 292 495
2 298 427
3 309 445
4 307 464
5 336 475
6 320 439
7 321 437
8 322 437
9 323 433
10 324 433
11 323 429
12 314 435
13 311 442
14 304 427
15 293 421
16 296 418
17 261 384
18 297 410
19 315 407
20 314 406
21 321 391
22 321 398
23 314 394
24 313 378
25 304 382
26 295 402
27 283 406
28 279 399
29 271 401
30 264 414
31 277 439
32 290 434
33 319 433
TIME
0.00 4.57 2.69 1.50 2.61 9.91 7.05 4.23 4.78 2.32 2.10 9.65 1.63 1.20 2.41 4.92 6.66 6.73 8.76 8.63 1.79 8.68 2.14 1.26 9.57 2.59 9.98 7.92 1.82 5.58 5.36 8.10 8.28
3.19 0.00 6.24 4.80 3.21 7.21 4.58 6.90 2.87 6.02 5.19 9.80 2.26 9.76 2.38 9.09 8.02 9.14 1.47 5.57 2.25 1.40 4.95 4.18 9.65 2.44 9.00 1.03 6.48 6.52 4.31 5.38 9.62
6.97 9.35 0.00 1.76 2.99 9.40 7.07 6.81 7.10 7.60 8.45 5.50 2.69 9.21 6.29 5.17 1.87 8.59 7.75 8.27 6.61 8.02 5.31 4.49 5.86 8.35 9.41 1.78 9.78 2.42 9.47 4.86 9.52
9.62 9.47 1.26 0.00 4.28 7.04 2.04 3.68 9.30 4.51 5.93 5.89 3.19 6.36 5.53 5.03 4.90 6.83 1.16 9.58 8.65 8.74 3.89 5.95 2.64 6.49 2.52 6.15 9.33 6.54 3.77 1.89 8.96
9.91 9.62 2.74 9.63 0.00 9.91 1.19 3.62 3.79 6.11 3.17 7.84 4.23 5.10 6.00 5.08 3.80 2.34 9.75 7.24 3.23 9.75 4.20 4.33 6.30 5.87 2.21 4.86 5.76 8.70 9.75 2.16 1.90
1.04 6.68 2.67 6.87 3.39 0.00 2.59 4.28 4.46 1.20 3.41 7.05 1.68 3.25 1.06 5.00 8.45 6.49 9.01 7.78 9.14 7.09 4.01 3.76 7.69 3.74 1.81 9.58 8.52 9.44 2.30 2.28 6.50
6.45 8.80 5.04 4.67 6.45 1.49 0.00 3.80 6.66 3.74 7.86 9.38 1.52 2.92 1.83 7.15 6.27 7.84 4.37 2.97 2.03 7.60 8.56 8.07 4.59 9.53 4.76 6.73 8.70 6.88 9.25 9.27 7.67
5.06 7.86 1.20 6.08 4.80 2.01 2.35 0.00 2.87 4.63 2.69 3.07 8.93 4.75 4.84 4.52 2.22 3.03 9.95 8.09 9.21 3.88 2.73 3.26 1.47 6.08 7.24 5.45 7.90 5.04 1.69 4.92 5.77
4.86 9.79 6.04 8.66 9.51 8.37 3.96 2.21 0.00 9.22 4.60 7.35 5.08 7.75 6.11 7.51 2.05 4.07 7.51 9.63 7.72 8.19 3.33 5.34 6.96 9.96 5.34 3.31 8.69 5.88 3.22 9.90 7.45
8.29 5.53 4.57 1.20 3.57 9.83 5.04 8.01 7.58 0.00 6.26 9.55 8.81 9.89 8.97 7.15 4.81 8.25 6.17 4.89 4.29 7.34 2.92 9.50 6.01 9.17 4.99 9.87 4.67 9.18 4.79 9.64 4.04
1.13 1.30 3.93 5.57 6.52 2.26 5.38 7.83 4.16 8.07 0.00 7.43 6.21 5.92 8.53 5.88 5.37 6.55 3.23 7.97 3.96 4.80 1.48 7.14 3.46 3.57 1.10 8.32 7.39 8.83 1.51 7.19 3.05
6.92 4.15 8.45 7.01 2.47 3.37 8.45 2.82 8.34 2.26 8.28 0.00 2.86 5.90 8.73 2.79 4.52 4.91 6.63 7.54 2.87 9.40 5.06 5.25 3.30 3.82 2.90 5.06 2.59 5.12 9.81 3.79 6.25
1.47 4.67 1.21 1.29 5.83 8.09 2.74 4.95 5.16 3.30 8.16 2.04 0.00 1.21 8.90 6.79 3.13 4.54 1.41 5.04 3.68 9.63 9.40 7.09 3.67 5.48 8.61 3.02 7.67 3.69 1.37 3.48 1.34
2.74 1.44 2.64 1.20 1.69 6.94 9.81 5.37 8.35 5.62 5.04 3.78 5.76 0.00 4.76 6.17 6.08 7.63 8.10 5.04 9.28 9.01 5.81 7.07 5.53 7.57 1.13 3.07 6.54 1.85 5.53 9.15 4.39
8.55 3.65 5.72 4.47 4.80 8.42 6.39 9.10 6.43 8.81 6.55 4.92 3.80 1.47 0.00 9.62 7.30 1.48 5.11 9.63 9.69 2.05 3.07 3.38 2.81 3.98 4.14 3.52 5.11 9.12 8.36 1.99 9.38
3.52 6.97 5.82 2.39 1.44 9.04 8.32 9.48 5.61 3.36 1.56 4.47 5.43 8.38 7.70 0.00 7.88 3.55 7.49 9.98 8.77 3.86 3.27 1.37 4.85 5.74 8.26 3.41 8.74 9.76 2.58 1.32 8.81
9.05 3.14 8.10 9.82 1.26 2.35 6.40 1.90 4.33 6.87 6.25 6.24 6.00 6.51 4.92 8.21 0.00 4.94 8.54 4.70 6.98 1.07 8.47 4.63 8.26 7.89 1.64 1.99 3.78 6.13 1.64 5.35 2.04
9.32 9.06 9.05 8.00 6.82 5.89 7.09 5.92 6.99 5.25 6.47 9.22 9.87 1.65 6.14 2.78 8.40 0.00 4.48 5.90 7.82 3.90 1.87 7.36 4.58 9.04 7.05 8.85 5.04 2.84 1.52 2.49 1.88
9.14 3.75 1.02 3.48 4.04 3.13 2.09 3.39 7.12 9.29 6.53 6.42 1.28 2.76 3.43 3.53 5.13 5.62 0.00 1.54 5.72 4.02 1.78 7.14 7.59 8.29 4.32 3.43 7.63 2.50 8.76 8.22 8.66
5.19 1.24 1.88 4.61 4.31 2.73 4.39 2.99 4.32 6.14 6.16 6.76 4.99 1.68 1.58 7.96 1.47 8.82 6.02 0.00 8.32 3.03 4.69 9.23 1.81 4.74 2.92 5.44 9.53 9.18 8.14 6.37 1.40
5.71 1.36 1.77 5.55 2.50 4.75 3.39 3.98 8.59 3.02 8.38 5.89 4.20 9.70 4.15 6.11 8.32 8.04 2.27 6.89 0.00 7.46 7.73 8.38 9.08 4.52 8.40 7.81 3.70 4.99 3.07 6.83 2.19
6.30 8.38 5.75 6.90 6.47 2.08 5.28 3.74 9.99 2.68 3.16 9.49 5.04 8.15 1.94 2.78 8.12 8.94 9.03 8.66 1.96 0.00 7.73 5.28 2.56 2.60 2.54 7.36 2.83 7.28 7.67 2.38 1.04
3.56 1.21 5.93 6.49 3.94 7.60 8.52 8.32 8.11 7.23 3.14 1.72 3.59 8.80 5.33 6.92 1.82 8.24 8.14 6.55 4.29 3.20 0.00 6.47 1.90 3.21 9.90 8.63 9.93 2.20 9.52 1.22 3.53
2.42 5.62 8.13 8.67 9.38 1.38 3.85 6.51 4.95 5.75 7.32 8.05 9.38 4.82 3.84 8.94 1.49 6.72 8.16 5.65 2.87 8.79 2.02 0.00 4.55 6.79 1.18 1.23 8.52 6.82 4.93 2.94 7.54
8.03 7.94 6.86 2.11 4.46 1.25 3.16 2.92 3.20 3.99 8.12 4.99 7.95 4.89 8.35 7.13 4.59 2.50 8.88 7.00 4.85 3.14 5.51 6.59 0.00 7.50 9.53 2.53 5.06 8.27 6.48 6.48 1.59
9.63 6.82 5.55 8.35 5.68 5.38 2.36 7.12 9.05 5.02 6.34 2.99 5.55 9.39 4.74 4.85 5.45 1.63 4.08 1.55 2.93 5.14 7.18 6.03 1.21 0.00 4.25 3.88 1.69 1.45 2.27 5.39 8.02
1.78 5.84 6.83 5.27 2.62 3.24 6.21 2.76 7.83 2.36 8.04 9.97 4.62 3.43 5.08 2.22 8.13 3.84 6.77 2.93 2.92 9.03 8.38 5.61 4.78 7.44 0.00 6.95 3.87 4.83 3.54 3.35 1.24
8.87 9.98 5.06 9.50 8.44 7.29 6.91 3.92 5.34 9.55 3.72 8.78 6.50 9.88 2.11 5.68 3.95 1.86 4.67 2.47 5.20 9.36 1.33 8.00 9.49 9.61 5.29 0.00 1.23 7.49 3.38 3.93 1.11
3.47 5.52 8.60 3.69 7.15 4.05 5.56 6.55 8.38 2.62 6.32 3.00 2.90 2.75 6.76 2.21 9.94 6.49 2.75 5.09 3.62 8.42 7.75 6.94 3.57 8.00 8.11 8.14 0.00 2.99 2.64 8.10 4.36
1.79 2.51 3.32 4.16 3.79 8.90 6.01 3.18 9.32 9.67 3.56 5.43 8.96 1.65 4.21 8.51 8.61 7.35 7.44 6.38 6.13 7.94 2.15 3.21 1.69 3.49 8.20 2.13 8.61 0.00 6.05 9.24 1.30
3.30 3.88 1.09 2.75 2.35 2.24 9.43 8.02 1.59 7.46 8.52 3.89 8.91 5.26 1.04 4.01 5.68 3.06 5.67 5.45 9.49 8.26 7.90 6.55 4.95 1.55 6.56 9.48 9.16 5.09 0.00 3.63 2.31
8.86 2.99 6.33 1.18 5.80 7.31 2.39 2.14 6.20 6.33 1.37 7.71 2.98 8.22 8.16 3.15 6.25 4.33 2.85 3.34 8.52 1.15 8.58 3.32 3.33 4.11 7.33 4.12 7.28 1.95 8.31 0.00 8.33
9.33 4.20 6.51 5.10 9.58 9.32 8.49 6.33 2.48 7.80 8.64 3.63 6.04 3.32 7.79 6.05 8.12 9.60 5.75 2.55 3.63 4.79 5.52 6.96 9.70 3.03 9.04 1.74 9.51 5.15 6.10 7.87 0.00


